1.3541666666666665 2.0 2.0 
1.5416666666666665 4.0 6.0 
51.0 6.0 8.0 
1.203125 1.0 1.0 
1.1666666666666665 0.8 0.8 
1.1666666666666665 0.8 0.8 
1.1354166666666667 1.0 1.0 
1.3020833333333333 3.0 3.0 
1.2135416666666667 2.0 3.0 
25.14942654754725 3.0 2.0 
25.069081757495 2.0 2.0 
25.278181227381 2.0 2.0 
25.019712528546 2.0 2.0 
0.15890903349033336 2.0 2.0 
0.42297606854924996 2.0 2.0 
0.42297606854924996 2.0 2.0 
0.12417286731458335 2.0 2.0 
25.236085817367 2.0 3.0 
0.12097755401233333 1.0 1.0 
